---
location_nice: 4th floor, Lucy-Lameck-Str. 23, 12049 Berlin
latitude: 52.4824634
longitude: 13.4234632
